0.13911829551702892
0.11049724531232585
0.08622577572069329
0.09531277103068059
0.09090324513029606
0.09511619695614804
0.09085612105161985
0.07923623119713616
0.08605911874024583
0.07683524671797459
0.0926018986018604
0.0722309728033858
0.0778302793691648
0.06477349196695086
0.08655587746872938
0.07514187651916146
0.06859822238860562
0.05919194451916735
0.07466559515460902
0.06474083678286016
0.053117860479157696
0.04110443191482181
0.0527624402859868
0.036421138818021705
0.035416940505260834
0.027545914316165654
0.03249839255322818
0.04070978209632381
0.031118692057782026
0.03314398742760522
0.021266321233609643
0.020854137068284043
0.024665927255150138
0.021328874546982735
0.033592929005339514
0.031201804872669187
0.016429162350713483
0.01902660324533391
0.021790871486498664
0.015183254846908191
0.013839867419589903
0.014691999008639465
0.012509775109715167
0.010002921781392208
0.012701049282682324
0.01155650395254362
0.008101382536130934
0.010058010536235071
0.009740665754596462
0.005621432482871607
0.004595499763034146
0.0080970367876308
0.00489572798701889
0.006132241071541947
0.008388843433495607
0.010030698394444638
0.009148549523748847
0.006731985764545763
0.005407288373075259
0.006139463339731169
0.008466845475532904
0.0068626851105435165
0.007199204767354233
0.006511309368582815
0.008272022793194988
0.00624103562401653
0.0046820299676643504
0.006182231916761764
0.005810238877246621
0.005848633259915295
0.004736377732366789
0.003919016477321755
0.006254999411171888
0.0074412758235970254
0.008329179233580742
0.007075573904232155
0.005954979955154162
0.005076256600526114
0.00393517146657015
0.0057692687435331545
0.005138003749119505
0.007825398596015762
0.00815237850936174
0.006213106787033165
0.0043906271562089445
0.00469290749864866
0.0035920567053533735
0.00545041546017926
0.004831186146796917
0.008472882276599362
0.00399450040962248
0.005175688142072021
0.004425407048935356
0.00422465267246583
0.005205165843849007
0.0049436126286416145
0.004381370417440829
0.00944842573649332
0.005636114577485123
0.0057428130308763686
0.004155163975646245
0.0045352556263143825
0.0035592184801307826
0.004203720912106576
0.0037483060428472516
0.004643068712078584
0.002862589142878947
0.0026578444252143576
0.004915273273279606
0.003343620868302178
0.004288287633781098
0.003438757087117335
0.0043165959761117065
0.004356207680920581
0.005739927411116892
0.005979287269821641
0.006270302064172463
0.005028830042480489
0.004759959895354328
0.004382219808136605
0.004864315266759623
0.0049764676293784765
0.006537223496907871
0.0030073373624446057
0.004043434572364941
0.002919486005440616
0.004810730338329323
0.0033716328784850536
0.00432910663617473
0.003935623127096898
0.0031613041758345823
0.004021404974452652
0.004149827010947312
0.0053170274761804096
0.0043752862289399555
0.004810411090125493
0.005237730234642315
0.007129295470657869
0.003993680222299663
0.003958165178117044
0.004460764756825201
0.005541871362615903
0.003948913954878611
0.004191905516994843
0.0037630155224284193
0.00444766541149838
0.004212847073228536
0.006963194592131926
0.0030087379515226524
0.004527956627722907
0.004855492420539034
0.004914069973798267
0.0031875644159386884
0.0034095249799873497
0.0038562762785022808
0.005094331735483148
0.004645904619541796
0.0030450209326163507
0.005056561522657231
0.003980856856107235
0.004114366228008911
0.0039044739959890632
0.0045583438644115765
0.015303384101189824
0.008304670623290515
0.004514225889431754
0.004094879394116456
0.004811094016363707
0.005556937466346993
0.003963104005700065
0.0049259734374766774
0.0056197425001069485
0.003245736526133512
0.00486290516471467
0.0045243956886866395
0.004438199422448813
0.0038722945754446282
0.003349447482258125
0.0036436231073623676
0.002904221602907666
0.002896214998905986
0.0065732050630150736
0.0029499920714183793
0.004312512514171283
0.0045638300095964856
0.005422094964468697
0.0044094426180829385
0.0041669913457415275
0.003908089816229491
0.0043470579024596345
0.006880856869971683
0.004529237708171809
0.007151440065029799
0.004629684948060912
0.005976142601211417
0.004507898571017022
0.006349042926682233
0.005365089230125077
0.005995345059374371
0.006293664036018984
0.010658959482473545
0.004278359515920626
0.008016908165667547
0.005278201860091921
0.003910763188278953
0.004726754878326048
0.005605621214811777
0.0045215605393995285
0.007772874459337626
0.005027632469775733
0.003789343405861393
0.007482673067611108
0.006810671638453897
0.0048657432990546435
0.00450254576037992
0.012791048235857189
0.010686958748481228
0.007313322129342485
0.009231143766690769
0.00905058762163336
0.004207932682702517
0.006092953483004924
0.005738532360912429
0.004458645545659542
0.00517121659905997
0.006479106730317456
0.005172636419371417
0.005931410865588304
0.006195130599670373
0.008672895519496005
0.009217404364697977
0.007152925930549336
0.007154088679888735
0.003997229853389418
0.006674979141126206
0.004928332689430094
0.004570628794713774
0.005446229770092488
0.00873319574730544
0.005612232798864904
0.0038592977978818242
0.003948754251094738
0.0035619788321469108
0.0031377378422909907
0.007544008682940929
0.005279998876075678
0.009676309193186981
0.006236610263665506
0.005223364502772143
0.005707279191123294
0.006327618125808471
0.006165448248938115
0.0061706867790629295
0.010939899565193863
0.007112013685311803
0.007764576335812563
0.007481377527571423
0.008884717053229251
0.006338096483334834
0.006729865193050336
0.0036998895503911546
0.0048482660958112924
0.004776452869100017
0.009055739387368944
0.0099735147324808
0.009864879174688625
0.015055646023287024
0.006620478521945941
0.014070737014225744
0.007972796410477575
0.011348170076272337
0.005579548411892167
0.007487323654682634
0.007975708291109187
0.013879362171759758
0.007128352879308479
0.006930037618761551
0.008353347769312406
0.014398612755783012
0.012235679765775248
0.015155813815531402
0.014211086340945492
0.015505208829987138
0.008424773171581032
0.006554101892559684
0.00855871348273821
0.023162601576861168
0.01245298441169721
0.006925370461492534
0.010665828360088257
0.008200991503016713
0.006569546999973645
0.008776085799489403
0.013664826501071124
0.007084094921648243
0.014905072750920786
0.01764293982776807
0.01794028427346447
0.013738471890266162
0.009194224464576177
0.010747160042495207
0.005274541987570194
0.012550724027504949
0.023704800971547455
0.00971813003794372
0.010190778254864814
0.012536784172437724
0.00812001262846179
0.019365304421292088
0.00852310998103431
0.01905045360485572
0.012479631582467192
0.009947704754623369
0.008964736304858929
0.011676400946298522
0.018299477159025152
0.014678726176730272
0.011159326405098906
0.009409890394309652
0.00596653877232899
0.008077464653262369
0.009854778249335769
0.011029445116287354
0.010334504880425359
0.01172220344021601
0.020812693910324576
0.021562581989977098
0.013199824918998394
0.010529230687611576
0.011629782879111985
0.01874116848273742
0.01795062116674688
0.01397533892714079
0.009608034732935308
0.013841841319889234
0.0170655334834624
0.012848959374000362
0.014572354374351153
0.016826110148074332
0.025240418258124436
0.01692101118248225
0.008379985005340537
0.02474250120376918
0.02185540541215458
0.010972413449365687
0.01831573663765676
0.012462864769522953
0.01107272350448619
0.017813864387588904
0.015048120305662521
0.02501394368202962
0.014108881214612814
0.014253146817074966
0.01664169574063801
0.014132305312046943
0.019709729243465837
0.009346588633308044
0.025225804937050393
0.023902266309213216
0.027152457451929513
0.016973019186072035
0.02386331314865555
0.021418848310630217
0.01833137793037718
0.016013478841542257
0.022483917919754577
0.031026549551401394
0.05067785378846991
0.03591283587975703
0.039112257883237384
0.018351056014287444
0.026617294908520724
0.02216163276754088
0.016097682244330485
0.04004477701626059
0.029805092666548516
0.0148112774085165
0.019161835323982825
0.011450522735863784
0.01556981624763609
0.01202436739731354
0.01571378872661662
0.028062892608177896
0.019346671292371033
0.012236536904763739
0.016590432450299463
0.0226138019528659
0.015852359791347203
0.01756083907607888
0.010836368186188917
0.009437366687526923
0.014705918359683693
0.029871348519470677
0.017788825475366504
0.025941266359804874
0.029170919484982547
0.014305408221304
0.00891005208454991
0.01627341835207372
0.021469153544285934
0.024210371879762743
0.0283495693894962
0.02054104486620845
0.012673138402941505
0.01342584920210114
0.01647256880656921
0.011478119132822139
0.012174055938367663
0.013913536078610062
0.02108533339600951
0.013599916883833059
0.02269092814921917
0.013569960048420955
0.018457632495124755
0.01325268528699671
0.01619774313589093
0.014101889643259362
0.025707230149739024
0.027330068835705053
0.01739979808899854
0.014763554363406158
0.014920709662596439
0.016556922454891872
0.01573221933449266
0.021725324515365425
0.01724287393845699
0.016516956967686562
0.028658828367560396
0.02567787220471121
0.02080188266997963
0.010675301683274189
0.01906656202024615
0.013041903921821753
0.010884447635429893
0.02411435155396739
0.012259292375793034
0.021395164019390553
0.018072870503536908
0.018140091363709497
0.01777279854586111
0.016717544117511442
0.012461500848307168
0.015678790569362232
0.015725985549078586
0.01194849219107465
0.02272365640694881
0.018856533167318352
0.011460148077153174
0.019081219397505206
0.016724890728387568
0.01537757232335455
0.016063330232647353
0.02832472138498114
0.012582316538451072
0.020739294521498083
0.006962822452358847
0.024123543809239416
0.014308667106298198
0.017847568929264403
0.014204123187743454
0.025746802910578605
0.01790637368408289
0.025534360494426863
0.00960223092531943
0.022005749490290546
0.018510111102371007
0.01589061997662176
0.02563233087547933
0.013699215924891055
0.0182036610569079
0.01383968051867928
0.01946781028479022
0.019829288887028437
0.025419696310658012
0.013952191512345918
0.023648326962713576
0.03223649387451096
0.018252331791924176
0.016960348830539186
0.014817303940059716
0.015525786723707346
0.02149407284285135
0.013842169136038886
0.010396994313312835
0.01818761801889607
0.010308324392645373
0.020130321026148982
0.01749347309887478
0.02562551988938893
0.013362501521331614
0.018097631654363008
0.013804617005210105
0.009814145216575927
0.011326715319455182
0.01528598649668747
0.01942501648360001
0.020555172162086053
0.029992777938719364
0.017625431112605703
0.01976843693082271
0.01697692733911708
0.010235668889214702
0.01989227815651593
0.012104355788561836
0.019191476953607994
0.01679907312475379
0.01260118663560473
0.018095417740043942
0.010654588371968612
0.024836230785357266
0.01290032072529714
0.019586021181094437
0.0168241863070454
0.014507997473613263
0.019901230387380772
0.01002453330486946
0.01910293964533104
0.02656858268702213
0.021115257896628038
0.011181431284119019
0.022397816529363766
0.010722127571251822
0.017834083256059053
0.01327235057484414
0.009952200357614844
0.019586166823910504
0.0177882132720019
0.01947137574123855
0.01393159172640606
0.02557216151646548
0.024001075613350215
0.024149419438458358
0.03526006887357997
0.023259153052228226
0.020402891274917675
0.020714801883228304
0.013968754056046556
0.024146149089293203
0.01924683223424075
0.01774355814120331
0.01545165663649456
0.017290150352491342
0.016387561180074624
0.009671950326514333
0.015557337710618822
0.01833899823503008
0.023855628013197152
0.01203894146003436
0.046107251992636905
0.017065039196370844
0.01470139001680275
0.010622880708758943
0.015026875019635167
0.02178517279786115
0.010060693441659007
0.019764535395543233
0.019648385992222305
0.013289841915036616
0.020200882730058246
0.01463754697397831
0.012402854234232336
0.014813562404123263
0.020544830157564156
0.01700928718572624
0.015290728667109744
0.01254697239646323
0.017268894340877326
0.025096162425886755
0.017347921064530408
0.020676355056844644
0.02636162709992871
0.026964930525926366
0.026149024748913046
0.014843561155179482
0.029008605576259984
0.018227027030005716
0.03148441019875202
0.014660335961083794
0.02677782688908685
0.020032101106838812
0.009806576385654303
0.012014507403449257
0.011126486979536044
0.016345664199493615
0.010248669870680927
0.017037310654453235
0.012418315640029185
0.016794929004189434
0.015693552600404923
0.016545807777377394
0.01584769702002603
0.017010105855171424
0.017083960792848664
0.01849962237714561
0.02313366184989073
0.014296927861377113
0.01617345715014748
0.010299284962796841
0.01539580952694094
0.016425493098963483
0.013980832117773602
0.007740837585422878
0.013217771799495053
0.011988611738250656
0.01603995333169495
0.011120936898913992
0.014667445301569496
0.014470107054869868
0.02012992149243909
0.009067280429745299
0.01600918497448336
0.01669265735940189
0.006528404031090373
0.016009055126459688
0.018181713695771793
0.013099807373297858
0.01854386246506721
0.02233773707132798
0.01021484311786087
0.01623476725441675
0.012288090116736018
0.011517766566118798
0.018300698666767173
0.014832070295007735
0.010349631931204134
0.02003991128370554
0.010831765747103986
0.00843943703915571
0.011581550066467296
0.01741185421080042
0.024358176451807843
0.02472096753029005
0.031167290417140812
0.02842298914302998
0.01353639236104608
0.016670193768715695
0.02203372657161039
0.017694986530869157
0.011075243560915863
0.0099957912925576
0.018687350956499264
0.01968970034309947
0.010506561151773676
0.016415735822185407
0.016656118227356572
0.01753905995474442
0.014013676589663562
0.0136847970706373
0.017427162872250282
0.020390641267274478
0.011813798364867035
0.01239637605571513
0.008457571147736416
0.01959429301967861
0.022718514560761214
0.00897588161466747
0.008688205540429353
0.008931349825405284
0.009998803328801471
0.011497679840771689
0.016149114419575727
0.014035541825065044
0.02061307225197237
0.017060575199732746
0.013310158067684643
0.01697071520428545
0.017116368886100554
0.01750754088170011
0.034831976458384796
0.015503997425768062
0.011320530604237475
0.01520996607840703
0.016957365089422922
0.022437087997196854
0.010023695912122241
0.02869372012995495
0.01993357135746595
0.015351832717488183
0.0210544839748297
0.019013293333603822
0.02934909713269662
0.01555557258833387
0.015098736156296127
0.016968417009055485
0.014593681772801957
0.01579596102155534
0.015921318024928396
0.01133718310736846
0.016449271452091248
0.017513853058511338
0.006455970697899597
0.005662649027322118
0.009348340723283593
0.014502182643368151
0.01808394241953229
0.010374319156812329
0.014373581010007422
0.02398873071035429
0.01950282676857259
0.014508292130487451
0.019976896258521712
0.013445543880750156
0.019291661291849213
0.02233884669411553
0.01854026036757769
0.010001457575026658
0.013815782507015375
0.015521473776700323
0.015684743043010083
0.008801126875634354
0.0074063713927451464
0.010324605970977238
0.009654646759265854
0.024634485106736596
0.029806312723098527
0.017100439402072037
0.03451510683707802
0.02361048429750963
0.012436472835883424
0.009664374507149274
0.014162765930768392
0.012274889102367546
0.012720866130087466
0.013188331634217761
0.006778902146664906
0.010258666424350325
0.026628487153931284
0.014450985221234083
0.01772834225698567
0.017483839840066812
0.015069171814753908
0.010561532329884197
0.015122253135821221
0.014596762935398045
0.0170158915569153
0.009656875693993643
0.01959723334306544
0.017824556950377986
0.02253515397561343
0.012208706822264177
0.013143139027351591
0.017134769510570386
0.03318865734148309
0.03276855999663252
0.017432488937114146
0.015136834863369288
0.024329055872940094
0.014195981591991143
0.010725028967939492
0.01594238946134541
0.010441357603633053
0.007671149073246519
0.00645041032748275
0.012944609130978918
0.009497143940071092
0.016366937351946893
0.020591811261030202
0.01053199067315212
0.01369508304938711
0.014526221221809618
0.01342011326938019
0.011729616990438965
0.012775015338963795
0.013898447015416728
0.018648247698712796
0.008739942792716735
0.008808229313927222
0.01274160708969492
0.012244056479046514
0.00939505857857683
0.014069869992468854
0.016331551129667582
0.014978721170622376
0.018774134568964287
0.017324476758871332
0.02754013637024294
0.0167963649610795
0.0173846107778675
0.01416746016981046
0.030618397751990233
0.01351060732734475
0.012148140506773738
0.012131232171518028
0.021956890132823217
0.006617223049843837
0.017902756788505347
0.012475761937296194
0.009440536541994827
0.01670948310290878
0.010626150407535282
0.020450782245930877
0.018077731372837268
0.009778045849745369
0.024614065979589716
0.016257722384803733
0.021606708032943484
0.03296000028265627
0.021556609290108462
0.016623055193892396
0.01869315610953166
0.016234523907264674
0.015598669446877655
0.014712084828137722
0.010340379383115612
0.02066239928289033
0.012257707021086108
0.02206485628164564
0.010473953302146555
0.007726313953907249
0.01139727786818318
0.016582516864604373
0.01988549582924684
0.0070913935061693535
0.014244979341492462
0.010265592800334076
0.019200942351345632
0.015045930521106105
0.013815681757176887
0.01860602534304845
0.013904030730181344
0.0115977037881056
0.010249832293869686
0.011597124223187726
0.010341084269249014
0.01821646639994711
0.017578288988524506
0.011243336156595347
0.013440875127224644
0.013519392075130716
0.012298795524245922
0.027399967633276616
0.016181842451925083
0.01580039174518536
0.011324987223927212
0.019339784645290466
0.011911393564400172
0.019855772266991558
0.01195356036850367
0.009885374550031231
0.014749161689167536
0.01326279303231094
0.008916907817188732
0.02070481769272872
0.011720574869076872
0.01135145405425492
0.010736037016364
0.012455221619195347
0.009727663668524712
0.011493432390113583
0.02291635428329883
0.012035522687723326
0.016617328231630847
0.015664171177819455
0.01140146976256491
0.00890124161431666
0.015750902012000922
0.011688557163854899
0.017477358892942937
0.01082843733885828
0.013728140903569129
0.021029767274542463
0.018204892398774077
0.014344720409519049
0.013301013981191637
0.010181928596204641
0.017257646744940285
0.017865262111862294
0.03514998736811769
0.015265930623948383
0.015997311174506916
0.010105978150292525
0.01771278557414968
0.015886247151250272
0.014988149857802419
0.012591015486112831
0.011026476570080783
0.02053583070889023
0.01699710353404562
0.007575118814277387
0.011663072471449133
0.012844442828462404
0.012755748758582626
0.0214495833549102
0.013092035103526224
0.010320635627306821
0.023980979492990565
0.011695663602509098
0.01289665975772681
0.011224508035890684
0.016903644526932833
0.013527255851587601
0.01724098034735571
0.015035192345607948
0.009930664644166445
0.012736642479475603
0.017808167805223523
0.017057824545632545
0.011457994344167744
0.022488579805819687
0.019454774857714355
0.020541941376129448
0.010285763938786482
0.011804629072887877
0.01459286132019048
0.014820745604911189
0.0115353885574347
0.01678516983940647
0.013102356858433696
0.01971478460636265
0.013184617731108888
0.014760515119991617
0.010781439180919823
0.023988270633600234
0.013836553488742766
0.012484901639250635
0.008661846624571739
0.01376741004738713
0.007643602772639095
0.017644098869850623
0.012456083793721501
0.011837751529199282
0.01601245044620218
0.008715984861642247
0.010631016938285621
0.01410821258580279
0.016993866396608454
0.013337425610015071
0.00919014837323074
0.015253386516229853
0.014209367073522942
0.015952200546682956
0.014075699123524531
0.012248831578727406
0.01306091885483587
0.01204278746310612
0.010289067936558108
0.014042197403719833
0.02137715098692175
0.009583921065282788
0.020562544019709736
0.01566522345773506
0.007269560479448781
0.01175457283263086
0.010860840807212072
0.019789482230954177
0.019708246607256695
0.018965749467257948
0.017094622701658055
0.02328468420651824
0.020466200714197254
0.023188929984328872
0.014200695172493888
0.009078232458835413
0.013115742170455748
0.014866151943281131
0.012689017336343204
0.010762026334331223
0.010089365057334876
0.014430654858551785
0.006527595999077364
0.011485608976082968
0.010480443455732947
0.015421296096137255
0.02303654762369673
0.03190274112473415
0.025496404931672836
0.027285505869855613
0.019361561556945472
0.010194835807699337
0.011352993718660685
0.014059500487196386
0.018972085411847785
0.012172341089616585
0.015745405842639778
0.025995744852826443
0.014514221410038448
0.016440193385066856
0.010540886524432594
0.01101342093629534
0.009188033824533613
0.008652469912448517
0.016753389737909623
0.018381291398327768
0.011132273757003309
0.012055844910414745
0.022249417389304884
0.01869402682429054
0.019830303261202237
0.016471044553562485
0.013668841233976102
0.019628538378564618
0.013140743917341338
0.012011827387706946
0.013152219766899145
0.010418380121792609
0.016500063599426774
0.016864355627939517
0.013772611720450245
0.014891973953950071
0.0217102004587651
0.010583214270586606
